0.3845972946342171
0.20567831789183355
0.7550685180954522
-0.8653939960068273
0.16398119940773936
0.7655445479230083
0.35354418272292
-0.9595670267844942
0.9676774953481029
0.3037483354394015
-0.76038073076466
-0.44249554321548623
-0.5800295210082418
0.6955143185141786
-0.20154003693245226
-0.07995535359064343
-0.34406280066966377
0.5254655205553113
-0.8558984194017937
-0.09343085606764899
-0.2662805323360151
0.9404313673736777
0.5370490519835576
-0.6839546098588571
-0.2671536148867041
-0.7393365861675694
1.0292160399566532
-0.24181565513794287
-0.926319947473652
-0.1798447864083559
0.43107505926777445
0.1588366829209151
0.37772940708197256
0.08107615757202562
0.10797983497147552
0.13527178316353947
-0.614396086252243
-0.9879116472126949
-0.609153758654558
0.12734766139481532
-0.07060897416942935
0.36278422274715527
-0.8900755346404625
-0.04283471303156376
0.34294757912478424
0.024532114441559373
0.8758632483614193
-0.1257581316047735
-0.6866967938106185
0.5824163656231423
-0.6204580034688923
0.9106903478791736
-0.5722749195304099
-0.04423777486863021
-0.4089170637896891
-1.2292228245124375
-0.3832896957203813
-0.776599743536651
0.1772171185586303
-0.1672968117644687
-0.04137136624144011
-0.8541502917780461
-0.3411792634506721
0.8785440360612359
-0.37200794126060915
-0.8039336427549871
-0.19141305833151914
-0.602713783858635
0.04484606694678438
0.15713465018423214
-0.3019997927065003
-0.16469586829379843
-0.22217137920729726
-0.5017352440538129
-0.8819849645454746
0.29096276389514447
0.3342489248020882
0.22755000200434167
0.8072328600164044
-0.5813884144259264
0.925488075264604
-0.6716210897580662
-0.420788174356323
0.43064871814416517
-0.4430115761406196
0.6888096924485264
0.45816649809035737
0.2507373530641043
-0.5417394179890204
0.8103295596054795
0.23115775600141544
-0.8806505952809033
-0.1105284869056873
-0.423518845982075
0.2299177955301919
0.3632254378392821
0.0537188193160823
0.3661627613723254
0.06834960806164014
0.6032246667315629
-0.016420250935261116
0.5098105507199056
0.5362840786870956
0.3279201440728681
0.3853977527645032
-0.10167027825605075
0.2719648495254388
-0.5106107565896602
-0.12797126020050817
0.10703625697622697
0.044036051138055185
0.2850631502763407
-1.0095172187426642
-0.03347576964712101
1.339430975853683
0.27936843296919445
0.41838613657243223
-0.20277034249945916
0.6909711777563253
0.785895906735877
-0.9213399808910223
0.1699603074959489
0.519691568163421
-0.14843845995670898
0.08772661077991376
0.5692913435304389
0.9109712668104898
0.2772557497003947
-0.4438164941197703
0.5842846979100041
-0.5809175849537515
0.10358617831005842
0.4700328470899803
1.069696253073535
0.6536374955427636
-0.16675789859536863
0.009405712232098462
1.3631205982707706
0.717111864294362
-0.8926295658118625
-0.0739423245697639
0.20743077164292476
-0.36906061929165945
-0.31089650479421377
-0.6103067712849576
-1.2766984063094284
-0.8175738015756661
-0.09222766645499214
0.8276007342381618
0.14930970760828657
0.26018989759355005
-0.8576353054245517
-0.2137292486100377
0.049793813768785715
-0.08051662292397978
-0.4392932008076878
-0.2504055731648093
-0.6314473265274536
-0.35080981563035873
0.24075724399044202
0.6281138672092368
-0.3017563082659271
-0.4184726672771194
-0.21572289511552797
-0.27640506575171986
-0.5455425176192419
-0.15868209427043148
-0.4274643672878231
-0.8756463056295356
-0.056858986113114615
0.6389112606815651
0.4459299494659479
0.4466001835016805
-0.09345760981636712
-0.32470337961056356
0.12649083135941247
0.724091073147444
0.8516767677809469
-0.4102545376037774
0.184572930383924
0.31898771953675653
-0.0019146722612706259
0.14767891442947978
-0.2789508031536656
0.03634866601405236
0.8547248898708982
0.5652351972215075
-0.9707695747229468
-0.7805833968267946
-0.19077455298461413
0.7258524244510941
-0.46240005134835116
0.03577988052763929
-0.849997266443251
-0.28172449038682035
0.2408046212497406
-0.6019393146597122
-0.7860176656799635
0.5522605161623869
0.6206662856982761
0.28100513177781744
-0.4674013139129148
-1.1531243489810619
-0.762837207464884
-0.03716230995432687
-0.9414265540560216
-0.16360139989757827
0.2422723247980871
0.9608033336932109
0.14624078376786345
0.0006252322486637284
-0.18591989375393994
0.4750103292359904
0.4294541383629321
-0.6407355914434679
0.01697399078459104
-0.6719721357234062
0.5661988013279144
-0.7619609241065995
-0.4582745213914213
0.16837701085962764
-0.5414945339006243
-0.21118761686805812
-0.459617960938372
0.405812272975665
-1.0706602596910346
0.6120966657250185
0.4572644729237867
1.0585414744750428
0.41264903581369544
-0.18169288441262846
-0.452013261108854
-0.16504960575202696
0.06474395029117717
0.4740644641889149
-0.12149698952759591
0.13383345348420891
-0.6014943426898564
0.02348703785714913
-0.28750469483006746
-0.49416738030059393
-0.6969809934783215
-0.5671626784176304
0.5669597101260678
-0.45157121984228665
0.6820364938093801
-0.3394359280381468
-1.2270615676097358
-0.13197696225617903
-0.5747539521967964
-0.3950369507630661
-0.6007093093035737
-0.8908420584105029
-0.36027460058348243
0.833253346100538
-0.06736878250093432
-0.1085100435958747
-0.08575632962364446
-0.2985832243510048
-0.36513004073538646
-0.8024054074581548
-0.020029841910819326
0.5714394114823144
-0.008075448852037065
-0.1790578099728837
0.8971416530589053
0.26825944117570816
-0.47738134880375
-1.1767082189822542
-0.49907429948923504
-0.1357665563616882
-0.4161379654355837
-0.6452528330730551
-0.5335860108997594
-0.1612516432098248
0.8744209195415537
-1.1263366159299961
-0.15482676472634718
-0.016054569859025036
-0.39626368171107484
0.9607598996580264
-0.6561103473927625
-0.3123065617040272
-0.7416472319052066
-0.5061615696824703
0.12762269379621818
-0.5284844316377265
-0.6926147042005556
-0.576174255025376
-0.36215648674996925
-1.0933943874089591
0.22039732781017166
0.20203402289614994
-0.6703894717589077
0.613754683268261
1.0061703466878862
-0.1543080484365755
-0.39523546965033035
0.37365907915816443
-0.37636915575172736
-0.8850470792980702
-0.3377084859388488
0.477188011930101
0.5149290059437198
0.5422251047715021
-0.8066761616103035
-0.11478569485273177
-0.1462533099226946
-0.6422658862338547
-0.2693012270762301
-0.40067783229077963
0.22886319435679323
-0.41089021582152113
-0.7706588245628584
-0.4649373257059832
0.7122472826450146
0.41761142872176826
-0.37605803655038794
0.07039042678791528
0.2057266993598501
-0.6529810822254678
-0.5064272958163765
0.4555350653475879
0.23711238513134186
-0.5626182864725302
0.3449223746689034
0.559767079574615
-0.5746908740176151
0.041364865975265376
0.3678394491940529
-0.6657593876948481
-0.4922397517090919
-1.2719995759151783
-0.6551044724863786
0.08128138800430047
-0.8061298093151076
-0.334962810311334
-0.07742862857844106
-0.4925526861632341
0.11219225779837565
0.8726165809007309
0.6091938604170972
-0.8773644308830741
0.06780106974200066
-0.6725378396275172
0.0262459509702484
-0.12529313497754024
0.09277492295513008
-0.1374355986269472
-0.21396224854702622
0.2817682571691814
0.39091215541899615
-0.43843842174368086
0.4325067279871722
-0.3765549068784655
-1.0954097852412048
-1.1768746835808856
-0.418997991209178
-0.22432749557657614
-0.8710603955590581
-0.8665646215697911
0.8271164467308509
-0.07018131719922138
0.2642425573788525
0.39435453624731887
0.4348979235061676
0.4612411154710727
-0.9927936266540747
-0.6716575966223697
0.600422225140264
-1.084337868925533
0.6215675278136936
0.36697830032676376
0.5560122332635308
-0.35172734707083975
-0.004363138453732152
0.6998093944078898
0.0802850087534436
-0.8442745085836851
0.14652726455091916
-0.6669687306246459
-0.022395360602284642
0.22807450601210655
-0.35603860209659177
-0.2551586393383276
-0.9088969439218142
0.9360851136611534
-0.5635745470794433
0.44120204225183546
-0.6595104778610419
0.33317140288269004
-0.05234826017330518
0.7748154841587045
-0.4927288917199524
0.8576836889401622
-0.2635490627896673
-0.5175976189641935
-0.6372609215252589
0.12425433694336667
-1.020109847046203
